SIZE		ROWS		COLS		ELAPSED
10000		100		100		120
30000		100		300		113
50000		100		500		109
70000		100		700		98
90000		100		900		94
110000		100		1100		89
130000		100		1300		114
150000		100		1500		86
170000		100		1700		97
190000		100		1900		114
30000		300		100		302
90000		300		300		305
150000		300		500		284
210000		300		700		267
270000		300		900		303
330000		300		1100		305
390000		300		1300		292
450000		300		1500		290
510000		300		1700		283
570000		300		1900		285
50000		500		100		437
150000		500		300		454
250000		500		500		639
350000		500		700		394
450000		500		900		592
550000		500		1100		590
650000		500		1300		724
750000		500		1500		569
850000		500		1700		647
950000		500		1900		733
70000		700		100		1006
210000		700		300		961
350000		700		500		925
490000		700		700		451
630000		700		900		456
770000		700		1100		446
910000		700		1300		576
1050000	700		1500		448
1190000	700		1700		768
1330000	700		1900		898
90000		900		100		1152
270000		900		300		1212
450000		900		500		1218
630000		900		700		1137
810000		900		900		1079
990000		900		1100		571
1170000	900		1300		1168
1350000	900		1500		570
1530000	900		1700		677
1710000	900		1900		786
110000		1100		100		990
330000		1100		300		935
550000		1100		500		876
770000		1100		700		810
990000		1100		900		782
1210000	1100		1100		710
1430000	1100		1300		964
1650000	1100		1500		708
1870000	1100		1700		821
2090000	1100		1900		704
130000		1300		100		1016
390000		1300		300		1065
650000		1300		500		1013
910000		1300		700		943
1170000	1300		900		870
1430000	1300		1100		829
1690000	1300		1300		1076
1950000	1300		1500		1476
2210000	1300		1700		1441
2470000	1300		1900		1386
150000		1500		100		1934
450000		1500		300		2021
750000		1500		500		2501
1050000	1500		700		1895
1350000	1500		900		1524
1650000	1500		1100		1445
1950000	1500		1300		1802
2250000	1500		1500		1424
2550000	1500		1700		1556
2850000	1500		1900		1316
170000		1700		100		1964
510000		1700		300		1958
850000		1700		500		1790
1190000	1700		700		1832
1530000	1700		900		1187
1870000	1700		1100		962
2210000	1700		1300		1240
2550000	1700		1500		978
2890000	1700		1700		981
3230000	1700		1900		1039
190000		1900		100		1214
570000		1900		300		1430
950000		1900		500		1506
1330000	1900		700		1383
1710000	1900		900		1180
2090000	1900		1100		1082
2470000	1900		1300		1418
2850000	1900		1500		1445
3230000	1900		1700		1377
3610000	1900		1900		1334
