28,82,77,88,95,55,62,21,99,14,30,9,97,92,94,3,60,22,18,86,78,71,61,43,79,33,65,81,26,49,47,51,0,89,57,75,42,35,80,1,46,83,39,53,40,36,54,70,76,38,50,23,67,2,20,87,37,66,84,24,98,4,7,12,44,10,29,5,48,59,32,41,90,17,56,85,96,93,27,74,45,25,15,6,69,16,19,8,31,13,64,63,34,73,58,91,11,68,72,52

31 88 71 23 61
 4  9 14 93 51
52 50  6 34 55
70 64 78 65 95
12 22 41 60 57

44 54 26 63 18
32 74 99 52  2
 5 29 13 28 41
60 69 53 61 25
49 59 70 46 48

26 91  1 23  6
51 58 79 57 33
67 50 14 81 48
64 66 49 46  9
16 73 39 74 68

41 31 12 14 82
 4 97 76 49 15
50 43 72 22 24
53 56 78 33 52
65 68 26  0 94
